     0/299     2.25G    0.1165    0.1399   0.01816    0.2746        19       448         0         0         0         0         0         0         0
     1/299     4.06G    0.1077    0.1448   0.01364    0.2662        35       448         0         0         0         0         0         0         0
     2/299     4.06G   0.09701    0.1442   0.01215    0.2534        21       448         0         0         0         0         0         0         0
     3/299     4.06G   0.09022    0.1397   0.01188    0.2418        12       448    0.1072    0.1106   0.07264   0.01773   0.07657    0.1364   0.01303
     4/299     4.06G   0.08656    0.1355   0.01126    0.2333        27       448   0.06522    0.1929    0.0623    0.0147   0.07647    0.1133   0.01354
     5/299     5.91G   0.08335    0.1239   0.01153    0.2188        29       448     0.146    0.1354   0.07024   0.01705   0.07646    0.1207   0.01281
     6/299     5.91G   0.08036    0.1287   0.01129    0.2204        31       448    0.0925    0.1785    0.1002   0.02374    0.0675    0.1208   0.01285
     7/299     5.91G   0.07534     0.126   0.01125    0.2126        18       448    0.1012    0.2109    0.1234   0.03517   0.06547    0.1053   0.01229
     8/299     5.91G   0.07227      0.12   0.01126    0.2035        21       448    0.1855    0.2056    0.1115   0.03162   0.07607    0.1022   0.01243
     9/299     5.91G   0.06856    0.1216   0.01123    0.2014        36       448    0.1662     0.252    0.1562   0.05501   0.06604   0.09966   0.01236
    10/299     5.91G   0.06745    0.1194   0.01076    0.1976        13       448     0.144    0.2208   0.09902   0.02263   0.07688    0.1054   0.01235
    11/299     5.91G    0.0662    0.1163   0.01066    0.1931        20       448      0.18    0.1869    0.1357   0.04578   0.05972     0.103   0.01281
    12/299     5.91G    0.0646     0.115  0.009835    0.1895        62       448    0.2677    0.2707    0.2276   0.07919   0.05623    0.1011   0.01225
    13/299     5.91G   0.06131    0.1132   0.00979    0.1843        16       448    0.1807    0.3439      0.28    0.1195   0.05149   0.09443   0.01082
    14/299     5.91G   0.06027    0.1135  0.009272     0.183        19       448    0.2412    0.3274    0.2606    0.1069   0.05597   0.09895   0.01086
    15/299     5.91G   0.05969    0.1093  0.008724    0.1778       118       448    0.2603    0.3529    0.3405    0.1517   0.04697   0.09628   0.01021
    16/299     5.91G   0.05866    0.1067  0.008251    0.1736         7       448    0.2187    0.3924    0.3467      0.14   0.05002   0.09972  0.009366
    17/299     5.91G   0.05691    0.1094  0.008116    0.1745        18       448    0.3932    0.2856    0.2577    0.1156   0.04682    0.1013   0.01217
    18/299     5.91G   0.05525    0.1103  0.007719    0.1733        18       448     0.195    0.3924    0.3631    0.1356   0.04782   0.08923  0.009089
    19/299     5.91G   0.05613    0.1069  0.007671    0.1707        25       448    0.1908     0.399     0.349    0.1503   0.04611   0.09368  0.008808
    20/299     5.91G   0.05404    0.1071  0.007667    0.1688        25       448    0.2162    0.4214    0.3959    0.1999   0.04161   0.08539  0.009269
    21/299     5.91G   0.05476    0.1045   0.00749    0.1667        10       448    0.2059     0.378    0.3257    0.1266    0.0429   0.09144  0.007789
    22/299     5.91G    0.0532    0.1024  0.006884    0.1625        28       448     0.318    0.3768    0.3723    0.1921   0.04265   0.08604  0.007874
    23/299     5.91G    0.0524    0.1044  0.007386    0.1642        27       448    0.2058    0.4283    0.3796    0.1999   0.04007   0.08798  0.007992
    24/299     5.91G   0.05131    0.1013  0.007052    0.1597        37       448    0.3261    0.3345     0.337    0.1553   0.04747   0.08475  0.008196
    25/299     5.91G   0.05096    0.1025  0.007333    0.1608        26       448    0.2149    0.4375    0.3985     0.198   0.03908   0.08721  0.008046
    26/299     5.91G   0.05017     0.101   0.00684     0.158        15       448     0.231     0.437     0.371    0.1636   0.04172   0.08889  0.007787
    27/299     5.91G   0.04933    0.1024  0.006837    0.1586        21       448    0.2646    0.4332    0.4172    0.2236   0.03702   0.08299  0.007919
    28/299     5.91G   0.04818   0.09776  0.007121    0.1531        18       448    0.2789    0.4152    0.4049     0.226   0.03778   0.08332  0.008788
    29/299     5.91G    0.0481   0.09529  0.006528    0.1499        31       448    0.3519    0.3781    0.3994    0.2049   0.03692   0.07753  0.009446
    30/299     5.91G   0.04758   0.09566  0.006519    0.1498        21       448    0.3223    0.4219    0.4292    0.2254   0.03961   0.08174  0.007486
    31/299     5.91G   0.04645   0.09537  0.006434    0.1483        28       448    0.6155     0.459    0.4535    0.2615   0.03458   0.07919  0.007674
    32/299     5.91G   0.04607   0.09519  0.006587    0.1478        27       448    0.3706    0.4298    0.4465    0.2559   0.03503   0.07702  0.006999
    33/299     5.91G   0.04625   0.09464  0.006464    0.1473        21       448    0.3655    0.4219    0.4338    0.2507   0.03525   0.07682  0.007376
    34/299     5.91G   0.04556   0.09359  0.006056    0.1452        18       448    0.3364    0.4392    0.4438    0.2335    0.0365   0.07706  0.007205
    35/299     5.91G   0.04479   0.09096  0.005951    0.1417        75       448    0.3314    0.4391    0.4365    0.2561   0.03456   0.07991  0.007996
    36/299     5.91G   0.04456   0.09254  0.005718    0.1428        48       448    0.3135    0.4451    0.4572    0.2719   0.03353   0.07483   0.00667
    37/299     5.91G   0.04363   0.09239   0.00587    0.1419        40       448    0.3562    0.4349    0.4471    0.2537   0.03521    0.0752  0.006912
    38/299     5.91G   0.04408   0.08986  0.005917    0.1399        11       448     0.314     0.442    0.4441    0.2252   0.03478   0.07561  0.008421
    39/299     5.91G   0.04306   0.09006  0.005742    0.1389        31       448    0.2984    0.4453    0.4564    0.2711   0.03348   0.07678  0.007304
    40/299     5.91G   0.04369   0.08826  0.005723    0.1377        17       448     0.299    0.4718    0.4665    0.2731   0.03281   0.07705  0.007125
    41/299     5.91G    0.0434   0.08924  0.005556    0.1382        29       448    0.3334    0.4548     0.477    0.2777   0.03226   0.07252  0.007472
    42/299     5.91G   0.04271   0.08628  0.005695    0.1347        15       448    0.3169     0.455    0.4692    0.2737   0.03423   0.07543  0.006523
    43/299     5.91G   0.04274   0.08849  0.005531    0.1368       101       448    0.2662    0.4745    0.4957    0.2824   0.03427    0.0749  0.006584
    44/299     5.91G   0.04238   0.08878  0.005445    0.1366        28       448    0.2498    0.4788    0.4637    0.2709    0.0333   0.07652  0.006774
    45/299     5.91G   0.04197   0.08763  0.005717    0.1353        34       448    0.3446     0.457    0.4761    0.2888   0.03225    0.0756  0.006472
    46/299     5.91G    0.0423   0.08564  0.005332    0.1333        11       448    0.3449    0.4631    0.4872    0.2954    0.0305   0.07285   0.00632
    47/299     5.91G   0.04128   0.08965  0.005392    0.1363        50       448    0.3122    0.4582    0.4633    0.2833   0.03177   0.07137  0.007264
    48/299     5.91G   0.04163   0.08765  0.005472    0.1348        22       448    0.3507    0.4518    0.4708    0.2812   0.03259    0.0729  0.006975
    49/299     5.91G   0.04175   0.08677  0.005443     0.134        61       448    0.2887    0.4761    0.4816     0.287   0.03189   0.07037  0.006477
    50/299     5.91G   0.04053   0.08521  0.004991    0.1307         1       448    0.6644    0.4748    0.4953    0.3008   0.03224   0.07256  0.006852
    51/299     5.91G   0.04079   0.08542  0.005077    0.1313        40       448    0.4347    0.5024    0.4948    0.3045    0.0311   0.07144  0.007275
    52/299     5.91G   0.04006   0.08631   0.00467     0.131        23       448    0.4432    0.4828    0.4819    0.2917   0.03237   0.07213  0.006464
    53/299     5.91G   0.04003   0.08587  0.004975    0.1309        41       448    0.4823    0.4688    0.4886    0.2993   0.03212   0.07233  0.006545
    54/299     5.91G   0.04105    0.0842  0.005112    0.1304        18       448    0.4149    0.4793     0.492    0.2916    0.0313   0.07124  0.006703
    55/299     5.91G   0.04037   0.08276  0.005261    0.1284        34       448    0.3034    0.4833    0.4921    0.2917   0.03153   0.07413  0.006301
    56/299     5.91G   0.04022   0.08285   0.00501    0.1281         6       448    0.4264    0.4984    0.4965    0.2932   0.03132   0.06703  0.006002
    57/299     5.91G   0.03999   0.08387  0.005339    0.1292         9       448    0.4143    0.5225    0.5129    0.3168   0.03032   0.07358  0.006936
    58/299     5.91G    0.0398   0.08412  0.004905    0.1288        49       448    0.4492    0.5156    0.5187    0.3228   0.03042   0.06879  0.005967
    59/299     5.91G   0.03977   0.08423  0.005004     0.129        32       448    0.4244    0.5629    0.5289    0.3166   0.03167   0.07169  0.006108
    60/299     5.91G   0.03931   0.08156  0.004889    0.1258        17       448    0.4148    0.5083    0.5171    0.3176   0.03129    0.0675  0.006177
    61/299     5.91G   0.03925   0.08121  0.004704    0.1252        34       448    0.5022    0.5142    0.5239    0.3269   0.03108   0.06886   0.00676
    62/299     5.91G   0.03876   0.08243  0.004621    0.1258        17       448      0.38    0.5895    0.5484    0.3324   0.03054   0.06934  0.005594
    63/299     5.91G   0.03881   0.08405  0.004814    0.1277        53       448    0.4309    0.5416    0.5248    0.3343   0.03142   0.07222  0.006321
    64/299     5.91G   0.03897   0.08272  0.004962    0.1267        57       448    0.3557    0.6201    0.5729    0.3536   0.03098     0.067  0.005611
    65/299     5.91G   0.03874   0.08045  0.004537    0.1237        29       448    0.4268    0.5578    0.5422    0.3344   0.03034   0.06901  0.005243
    66/299     5.91G   0.03951   0.08024  0.004775    0.1245        26       448    0.4179    0.6029    0.5629    0.3495   0.02991   0.06819  0.005204
    67/299     5.91G   0.03857   0.08055  0.004671    0.1238        80       448    0.4564    0.5608    0.5635    0.3576   0.03097   0.06927  0.005577
    68/299     5.91G   0.03822    0.0813  0.004579    0.1241        30       448    0.5048    0.5609    0.5471    0.3428   0.03205    0.0697  0.005536
    69/299     5.91G   0.03841   0.08218  0.004675    0.1253        17       448    0.4807     0.611    0.5897    0.3657   0.02956   0.06916  0.004758
    70/299     5.91G   0.03828   0.08123  0.004418    0.1239        90       448    0.4426    0.5739    0.5415    0.3457   0.02978    0.0677  0.005226
    71/299     5.91G   0.03809    0.0831   0.00459    0.1258        19       448     0.408    0.5829    0.5765    0.3712   0.03008   0.06888  0.005153
    72/299     5.91G   0.03846   0.08039   0.00438    0.1232        46       448    0.4584    0.6569    0.5826    0.3468   0.03001   0.07063  0.004301
    73/299     5.91G   0.03726   0.07999  0.004312    0.1216         9       448    0.4093    0.6221    0.5589    0.3405   0.03035   0.06771  0.005345
    74/299     5.91G   0.03787   0.07923  0.004209    0.1213        16       448    0.6562    0.5811    0.6031    0.3611    0.0296   0.06752  0.004957
    75/299     5.91G   0.03708   0.08027  0.004089    0.1214        17       448    0.4854    0.6176    0.5486    0.3347   0.03032    0.0684  0.004765
    76/299     5.91G    0.0382   0.08131  0.004103    0.1236        53       448    0.4213    0.6413    0.5575    0.3487   0.03031   0.06994  0.004296
    77/299     5.91G   0.03743    0.0809  0.003948    0.1223        42       448     0.412    0.6366    0.5732    0.3594   0.02991   0.06775   0.00413
    78/299     5.91G    0.0384   0.07889  0.004422    0.1217        22       448    0.4681    0.6059    0.5587    0.3348   0.03063   0.07102  0.004666
    79/299     5.91G   0.03759   0.07762  0.004213    0.1194        41       448     0.479    0.6557    0.5961    0.3642   0.02964   0.06725  0.004418
    80/299     5.91G   0.03745   0.08079   0.00434    0.1226        58       448    0.4225    0.6515    0.6174    0.3537   0.02938   0.06628  0.003907
    81/299     5.91G   0.03708   0.08084   0.00405     0.122        28       448    0.4388    0.6215    0.5796    0.3586   0.02983   0.06832  0.004392
    82/299     5.91G   0.03738   0.07906  0.003687    0.1201        18       448    0.5154     0.636    0.5865     0.367   0.02976   0.06684   0.00403
    83/299     5.91G    0.0371   0.07719  0.003778    0.1181         7       448    0.4196     0.649    0.5926    0.3506   0.02967   0.06845  0.003927
    84/299     5.91G    0.0375   0.07991  0.003569     0.121         6       448    0.4279    0.6333     0.601    0.3701    0.0297   0.06925  0.004078
    85/299     5.91G   0.03703     0.078  0.003665    0.1187        22       448    0.4258    0.6324    0.5764     0.362   0.02953   0.06761   0.00409
    86/299     5.91G   0.03677   0.07854  0.003724     0.119        20       448    0.4578    0.5976    0.5947    0.3693   0.03015   0.06752  0.004339
    87/299     5.91G   0.03743   0.07788  0.003962    0.1193        23       448    0.4351    0.6678    0.6169    0.3773   0.02937   0.06757  0.004086
    88/299     5.91G   0.03711    0.0764  0.003613    0.1171        19       448    0.4565    0.6518    0.6047    0.3815   0.02964   0.06728  0.003948
    89/299     5.91G   0.03711   0.07765  0.003626    0.1184        29       448    0.3974    0.6443    0.5964    0.3743    0.0301   0.06807  0.003555
    90/299     5.91G   0.03607   0.07625  0.003486    0.1158        28       448    0.4326    0.6182    0.6003    0.3822   0.02963    0.0659  0.003925
    91/299     5.91G   0.03572   0.07473  0.003252    0.1137        17       448    0.4556     0.609    0.5849    0.3791   0.02887   0.06658  0.004104
    92/299     5.91G   0.03624   0.07791  0.003299    0.1175         8       448    0.4598    0.6602    0.6346    0.3934    0.0287    0.0645  0.003557
    93/299     5.91G   0.03657   0.07594  0.003319    0.1158        13       448    0.4523    0.6492    0.6127    0.3801   0.02926   0.06691  0.003737
    94/299     5.91G   0.03609   0.07658  0.003383    0.1161        64       448     0.459     0.636    0.6086    0.3824   0.02869   0.06612  0.003902
    95/299     5.91G   0.03601   0.07618  0.003215    0.1154        37       448    0.5058    0.6521    0.6202    0.3669   0.02922   0.06899  0.003591
    96/299     5.91G    0.0356    0.0746  0.003342    0.1135        49       448    0.4991    0.6193    0.5932    0.3734   0.02917   0.06907  0.003424
    97/299     5.91G   0.03583   0.07934  0.003085    0.1183        20       448    0.4611    0.6403     0.587    0.3736   0.02929   0.06711  0.004221
    98/299     5.91G   0.03628   0.07467  0.003546    0.1145        32       448    0.4003    0.6427    0.6159    0.3928     0.029   0.06731  0.003447
    99/299     5.91G   0.03534   0.07677  0.003057    0.1152        19       448      0.44    0.6571    0.6276    0.3977   0.02886   0.06648  0.002752
   100/299     5.91G   0.03559   0.07642  0.003174    0.1152        25       448    0.4959    0.6171    0.5931    0.3779   0.02906   0.06877  0.003987
   101/299     5.91G   0.03554   0.07624  0.003058    0.1148         8       448    0.4404    0.6347    0.6144    0.3968   0.02898   0.06609  0.002952
   102/299     5.91G   0.03567   0.07396  0.003469    0.1131        17       448    0.4966    0.6625    0.6345    0.3964   0.02834   0.06637   0.00301
   103/299     5.91G   0.03508   0.07555  0.003203    0.1138        16       448    0.4837    0.6484    0.6327    0.3995   0.02807   0.06507  0.003061
   104/299     5.91G   0.03505   0.07644  0.002975    0.1145        44       448    0.4443    0.6517    0.6121    0.3895   0.02877   0.06487   0.00325
   105/299     5.91G   0.03553   0.07578  0.002925    0.1142        12       448    0.4647    0.6523    0.6039    0.3755   0.02886   0.06913  0.003599
   106/299     5.91G   0.03555    0.0765  0.003049    0.1151        64       448    0.4678    0.6296    0.6129    0.3939   0.02803   0.06389  0.003351
   107/299     5.91G    0.0351   0.07767  0.003035    0.1158        23       448    0.4319    0.6532    0.6315    0.4061   0.02821   0.06797  0.003208
   108/299     5.91G   0.03489   0.07422  0.002856     0.112        10       448    0.4766    0.6553    0.6284    0.4059   0.02822   0.06712  0.003204
   109/299     5.91G   0.03543   0.07405  0.003094    0.1126        30       448    0.4467    0.6627    0.6203    0.3968   0.02902   0.06644  0.002994
   110/299     5.91G   0.03532   0.07488  0.002948    0.1131        36       448    0.4446    0.6298    0.6096    0.3747   0.02924   0.06754  0.003396
   111/299     5.91G   0.03525   0.07443  0.003225    0.1129        81       448    0.4483    0.6463    0.6141     0.396   0.02886   0.06755  0.003079
   112/299     5.91G   0.03484   0.07279  0.002995    0.1106        24       448    0.5002    0.6457    0.6167    0.3969   0.02869   0.06633   0.00335
   113/299     5.91G     0.034   0.07828  0.002737     0.115        47       448    0.4556    0.6358    0.6178    0.3989   0.02907   0.06796  0.003717
   114/299     5.91G   0.03491   0.07086  0.002801    0.1086        34       448    0.4526    0.6312    0.6308    0.3988   0.02822   0.06678   0.00328
   115/299     5.91G   0.03436   0.07209  0.002829    0.1093        33       448    0.4815    0.6237    0.6043    0.3893   0.02873   0.06754  0.003957
   116/299     5.91G   0.03445    0.0751  0.002704    0.1123        31       448    0.5399    0.6118    0.6141    0.4005    0.0284   0.06896  0.003616
   117/299     5.91G   0.03474   0.07278  0.002928    0.1104        24       448    0.5026    0.6318    0.6101    0.3996   0.02898   0.06709  0.003345
   118/299     5.91G   0.03444   0.07234  0.002638    0.1094        22       448    0.5241    0.6107    0.5943    0.3835   0.02918   0.06559  0.003237
   119/299     5.91G   0.03405   0.07366  0.002568    0.1103        49       448    0.4672    0.6333    0.6014    0.3857   0.02896   0.06785  0.003301
   120/299     5.91G    0.0342   0.07286  0.002795    0.1098        18       448    0.4635    0.6093    0.6007    0.3956   0.02917    0.0662  0.003726
   121/299     5.91G   0.03388   0.07514  0.002611    0.1116        40       448    0.4521     0.642      0.63    0.4012   0.02828   0.06354   0.00286
   122/299     5.91G   0.03453   0.07326  0.002668    0.1105        18       448    0.4495    0.6464    0.6293    0.4044   0.02864    0.0639  0.003291
   123/299     5.91G   0.03428   0.07337  0.002662    0.1103       120       448    0.4749    0.6558      0.64    0.4098   0.02765   0.06162  0.002787
   124/299     5.91G   0.03408   0.07368  0.002666    0.1104        17       448    0.4962    0.6147    0.6273    0.4097   0.02901   0.06474  0.003038
   125/299     5.91G   0.03446   0.07254  0.002513    0.1095        69       448    0.4806    0.6467    0.6124    0.3959   0.02844   0.06561  0.003304
   126/299     5.91G   0.03397   0.07138  0.002603    0.1079        13       448    0.4518    0.6486    0.6384    0.4126   0.02822   0.06753   0.00326
   127/299     5.91G   0.03359   0.07173  0.002538    0.1079        14       448    0.4545    0.6505    0.6386    0.4131   0.02811   0.06669   0.00316
   128/299     5.91G   0.03401   0.07335  0.002743    0.1101        35       448    0.4789    0.6215    0.6331    0.4086   0.02796   0.06511  0.003125
   129/299     5.91G   0.03463   0.07182  0.002598    0.1091        19       448    0.5039    0.6446    0.6477    0.4177   0.02772   0.06748  0.003029
   130/299     5.91G   0.03374   0.07388  0.002699    0.1103         8       448    0.4162    0.6469    0.6271    0.4038   0.02833   0.06852  0.003538
   131/299     5.91G    0.0335    0.0728  0.002498    0.1088        17       448    0.4899    0.6252    0.6112    0.4026   0.02774   0.06808  0.002972
   132/299     5.91G   0.03335   0.07213   0.00239    0.1079        16       448    0.4847     0.651    0.6289    0.4157   0.02762   0.06413  0.002724
   133/299     5.91G   0.03426   0.07253  0.002617    0.1094        37       448    0.4658    0.6724    0.6444    0.4026   0.02776   0.06467  0.002841
   134/299     5.91G   0.03344   0.07221  0.002489    0.1081        33       448    0.4566    0.6658    0.6408    0.4105   0.02711   0.06457  0.003025
   135/299     5.91G   0.03405   0.07242  0.002579    0.1091        22       448    0.5232    0.6338    0.6385      0.41   0.02754   0.06562   0.00284
   136/299     5.91G   0.03358   0.07231  0.002458    0.1084        10       448    0.4909    0.6161    0.6249    0.4005   0.02799   0.06602  0.002976
   137/299     5.91G     0.034   0.07181  0.002394    0.1082        55       448    0.4794    0.6628    0.6472    0.4193   0.02765   0.06461  0.002536
   138/299     5.91G   0.03327   0.06911  0.002415    0.1048        38       448    0.4631    0.6323    0.6261    0.4179   0.02768   0.06557  0.002737
   139/299     5.91G   0.03319   0.07178  0.002379    0.1074        20       448    0.5221    0.6596    0.6369    0.4195   0.02795   0.06501  0.002566
   140/299     5.91G   0.03301   0.06984  0.002319    0.1052        19       448     0.539    0.6596    0.6375    0.4117   0.02771   0.06399  0.002661
   141/299     5.91G    0.0336   0.07194  0.002485     0.108         9       448    0.5082    0.6728     0.635    0.4135   0.02788   0.06565   0.00255
   142/299     5.91G   0.03354   0.07223  0.002327    0.1081        33       448    0.4984    0.6724    0.6454    0.4155   0.02749   0.06452  0.002657
   143/299     5.91G   0.03352    0.0703  0.002391    0.1062        24       448    0.4638    0.6582     0.642     0.416   0.02821   0.06712  0.002953
   144/299     5.91G   0.03319   0.07094  0.002286    0.1064        23       448    0.4918     0.676    0.6497    0.4192   0.02804   0.06423  0.002818
   145/299     5.91G   0.03293   0.07058  0.002411    0.1059        21       448    0.5312    0.6662    0.6416    0.4166   0.02776   0.06445  0.002698
   146/299     5.91G   0.03291   0.07044  0.002396    0.1057        15       448    0.4842    0.6528    0.6476    0.4175   0.02737   0.06488  0.002907
   147/299     5.91G   0.03331   0.07005  0.002346    0.1057        14       448    0.4977    0.6443    0.6444     0.408   0.02796   0.06514  0.002534
   148/299     5.91G   0.03293    0.0691  0.002382    0.1044        40       448    0.5273    0.6248    0.6363    0.4086    0.0273   0.06469  0.002629
   149/299     5.91G   0.03342   0.07235  0.002352    0.1081        31       448    0.5252    0.6355    0.6325    0.4065   0.02786   0.06477  0.002899
   150/299     5.91G   0.03223   0.06992  0.002209    0.1044        10       448    0.5257    0.6485    0.6352    0.4112   0.02799   0.06562  0.003123
   151/299     5.91G   0.03262   0.06991  0.002081    0.1046        27       448    0.5335    0.6472     0.652    0.4229   0.02764   0.06587  0.002788
   152/299     5.91G   0.03236   0.07106  0.002295    0.1057        42       448    0.4982    0.6576    0.6447    0.4166    0.0273   0.06464  0.002811
   153/299     5.91G   0.03226   0.06867  0.002089     0.103        32       448    0.4513    0.6609    0.6512    0.4247   0.02758   0.06643  0.002847
   154/299     5.91G   0.03302    0.0697  0.002517    0.1052        28       448    0.5243    0.6468    0.6474    0.4208   0.02767   0.06798  0.002776
   155/299     5.91G   0.03343   0.06536  0.002264    0.1011        56       448    0.4755    0.6488    0.6414    0.4116   0.02806   0.06633  0.002892
   156/299     5.91G   0.03216   0.06781  0.002151    0.1021        52       448    0.5184     0.665    0.6341    0.4088   0.02837   0.06646  0.002635
   157/299     5.91G   0.03275   0.06848  0.002162    0.1034        40       448    0.4905    0.6721    0.6259    0.4113   0.02824   0.06764  0.002689
   158/299     5.91G   0.03214   0.06782  0.002066     0.102         8       448    0.5138     0.677    0.6404    0.4141   0.02841   0.06606  0.002561
   159/299     5.91G    0.0323   0.06849  0.002158     0.103        32       448    0.5176    0.6675    0.6471    0.4193    0.0277   0.06716  0.002529
   160/299     5.91G   0.03236   0.06953  0.002153     0.104        38       448     0.525     0.668    0.6473    0.4132   0.02763   0.06705  0.002381
   161/299     5.91G   0.03247   0.06788  0.002226    0.1026        13       448    0.5313    0.6768    0.6452    0.4152   0.02765   0.06773  0.002467
   162/299     5.91G   0.03152   0.06646  0.002191    0.1002        16       448    0.5431    0.6296    0.6287    0.4104   0.02789   0.06594  0.002921
   163/299     5.91G   0.03243   0.06781  0.002189    0.1024        26       448    0.5105    0.6283    0.6339    0.4062   0.02796   0.06534  0.002565
   164/299     5.91G   0.03262   0.06868  0.002234    0.1035        34       448    0.5049    0.6254    0.6362    0.4164   0.02813   0.06604  0.002497
   165/299     5.91G   0.03236   0.07152  0.001997    0.1059        27       448    0.4848    0.6501    0.6434    0.4224   0.02786   0.06688   0.00258
   166/299     5.91G   0.03216   0.06829  0.002172    0.1026        71       448    0.4939    0.6678    0.6507    0.4342   0.02754   0.06519  0.002472
   167/299     5.91G   0.03157     0.068  0.002077    0.1016        26       448    0.5625    0.6788    0.6576    0.4282    0.0275   0.06596  0.002468
   168/299     5.91G   0.03216   0.06604  0.002215    0.1004        18       448    0.5369    0.6774    0.6605    0.4291   0.02753   0.06909  0.002604
   169/299     5.91G   0.03178   0.06747  0.002058    0.1013        51       448    0.5197    0.6672    0.6541    0.4255   0.02778   0.06584  0.002604
   170/299     5.91G   0.03076   0.06748  0.001937    0.1002         9       448    0.5256    0.6473    0.6477    0.4258   0.02768   0.06587  0.002725
   171/299     5.91G   0.03156   0.06863  0.002133    0.1023        13       448    0.5126    0.6492    0.6365    0.4226   0.02788   0.06751  0.002878
   172/299     5.91G    0.0326   0.06584  0.002103    0.1005        33       448    0.4969    0.6501    0.6453     0.423   0.02778   0.06688  0.002954
   173/299     5.91G   0.03234   0.06601  0.002034    0.1004        30       448    0.4899    0.6737    0.6381    0.4171   0.02774   0.06655  0.002861
   174/299     5.91G   0.03153   0.06667  0.001925    0.1001        18       448    0.4942    0.6658    0.6361    0.4148   0.02772   0.06592  0.002909
   175/299     5.91G   0.03179   0.06844  0.002035    0.1023        62       448    0.4916    0.6804    0.6592    0.4273   0.02756   0.06824  0.002812
   176/299     5.91G   0.03125   0.06767  0.001977    0.1009        23       448    0.5268    0.6496    0.6618    0.4264   0.02761    0.0652  0.002586
   177/299     5.91G   0.03196   0.06898  0.001942    0.1029        32       448    0.5142    0.6554    0.6591    0.4275   0.02763   0.06552  0.002761
   178/299     5.91G    0.0318   0.06586  0.002059   0.09972        14       448    0.5548    0.6905     0.658    0.4245   0.02742   0.06543  0.003049
   179/299     5.91G   0.03155   0.06529  0.002019   0.09886        17       448    0.5431    0.6626    0.6576    0.4212   0.02756   0.06477  0.003033
   180/299     5.91G   0.03171     0.067  0.001984    0.1007         9       448    0.5143    0.6523    0.6493    0.4168   0.02759   0.06741   0.00328
   181/299     5.91G   0.03157   0.06792  0.001969    0.1015        28       448    0.5311    0.6366    0.6474    0.4267   0.02758   0.06722   0.00325
   182/299     5.91G    0.0315   0.06766  0.001936    0.1011        30       448    0.5027    0.6584     0.654    0.4252   0.02753   0.06762  0.002984
   183/299     5.91G   0.03195   0.06704  0.001951    0.1009        47       448    0.4845    0.6711    0.6601    0.4305   0.02731    0.0655  0.002837
   184/299     5.91G    0.0309   0.06577  0.001959   0.09863        28       448    0.5036    0.6437     0.647    0.4198   0.02711   0.06535  0.002888
   185/299     5.91G   0.03088   0.06558  0.002023   0.09849        41       448    0.4821    0.6447    0.6524    0.4284   0.02708   0.06568  0.002956
   186/299     5.91G   0.03136   0.06684   0.00202    0.1002        19       448     0.472    0.6542    0.6507    0.4266   0.02717   0.06537  0.002948
   187/299     5.91G   0.03084   0.06338  0.001925   0.09615        24       448      0.46    0.6511     0.659    0.4332   0.02748   0.06807  0.002848
   188/299     5.91G   0.03125   0.06502  0.001781   0.09805        23       448    0.5065    0.6505    0.6613    0.4298   0.02767   0.06912  0.002994
   189/299     5.91G   0.03123   0.06546  0.002179   0.09887        44       448    0.4995    0.6983    0.6644    0.4286   0.02736   0.06875  0.002946
   190/299     5.91G   0.03091    0.0666  0.001844   0.09935        17       448    0.5233    0.6866    0.6518    0.4247   0.02741    0.0693    0.0028
   191/299     5.91G   0.03136   0.06492  0.001852   0.09813        21       448    0.5208    0.6651    0.6605     0.432   0.02749   0.06903  0.002687
   192/299     5.91G   0.03071   0.06516  0.001851   0.09772        23       448     0.541     0.661    0.6548    0.4285    0.0273   0.06762  0.002754
   193/299     5.91G   0.03125   0.06635  0.001897    0.0995        33       448    0.5526    0.6742    0.6724    0.4332   0.02702   0.06577  0.002757
   194/299     5.91G   0.03071   0.06685  0.001943    0.0995        20       448    0.5644    0.6931    0.6753    0.4337   0.02715   0.06407  0.003043
   195/299     5.91G   0.03062   0.06402  0.001899   0.09653         5       448    0.5372    0.6921     0.682    0.4424    0.0274   0.06519  0.002709
   196/299     5.91G   0.03064   0.06599  0.001843   0.09848        26       448    0.5371    0.6866    0.6703    0.4379   0.02718   0.06458  0.002524
   197/299     5.91G   0.03012   0.06339  0.001803   0.09531        28       448     0.542    0.6555    0.6668    0.4366   0.02718   0.06438    0.0027
   198/299     5.91G   0.03107   0.06371  0.001838   0.09662        27       448    0.5194    0.6888     0.666    0.4331   0.02712   0.06537  0.002543
   199/299     5.91G   0.03103   0.06438  0.001917   0.09733        23       448      0.53    0.6834    0.6642    0.4331   0.02728   0.06648  0.002623
   200/299     5.91G   0.03114     0.065  0.001763   0.09791        34       448    0.5118    0.6776    0.6629    0.4325   0.02706   0.06619  0.002573
   201/299     5.91G   0.03095   0.06406  0.001802   0.09681        24       448     0.538     0.664    0.6632    0.4314   0.02723   0.06662  0.002492
   202/299     5.91G   0.03028   0.06561  0.001884   0.09778        21       448    0.5547    0.6634    0.6608    0.4286   0.02737   0.06745  0.002505
   203/299     5.91G   0.03024   0.06427  0.001859   0.09638        26       448    0.5384    0.6561    0.6669    0.4293   0.02715   0.06645  0.002499
   204/299     5.91G   0.03057   0.06496  0.001747   0.09728        13       448    0.5327    0.6733    0.6654    0.4312    0.0272   0.06654  0.002595
   205/299     5.91G   0.03091   0.06084  0.001886   0.09364        29       448    0.5334    0.6699    0.6551    0.4194   0.02719   0.06666  0.002557
   206/299     5.91G   0.03044   0.06392  0.001686   0.09605        27       448     0.534    0.6662     0.657      0.42   0.02715   0.06664  0.002673
   207/299     5.91G   0.03002   0.06617  0.001742   0.09793        16       448     0.556    0.6834    0.6644    0.4339   0.02697   0.06598  0.002546
   208/299     5.91G   0.03075    0.0657  0.001793   0.09825        55       448    0.5645    0.6992    0.6698    0.4413   0.02725   0.06674   0.00262
   209/299     5.91G   0.03037   0.06256  0.002055   0.09499        35       448     0.518    0.6711    0.6566    0.4356   0.02756   0.06736  0.002782
   210/299     5.91G   0.02969   0.06371    0.0017    0.0951        31       448    0.5256    0.6727    0.6582    0.4292   0.02758   0.06694  0.002742
   211/299     5.91G   0.03015   0.06472  0.001611   0.09648        32       448    0.5039     0.657    0.6514    0.4227   0.02747    0.0667  0.002743
   212/299     5.91G   0.03036   0.06198  0.001744   0.09408        14       448    0.5236    0.6609    0.6527    0.4291   0.02768   0.06737  0.002789
   213/299     5.91G   0.03008   0.06409  0.001732    0.0959        44       448    0.5047    0.6543    0.6458    0.4296   0.02768   0.06727  0.002728
   214/299     5.91G   0.02969   0.06289  0.001673   0.09425        11       448    0.5112    0.6653    0.6499    0.4271   0.02768   0.06743  0.002746
   215/299     5.91G   0.02968   0.06382  0.001739   0.09525        28       448    0.5287     0.656    0.6497    0.4296   0.02746   0.06737  0.002837
   216/299     5.91G   0.03022   0.06144  0.001705   0.09337        17       448    0.5367    0.6594    0.6583    0.4315    0.0276   0.06785  0.002852
   217/299     5.91G   0.02965   0.06398  0.001726   0.09536        15       448    0.5407    0.6433    0.6506     0.429   0.02767   0.06737  0.002936
   218/299     5.91G   0.02983    0.0646  0.001702   0.09613        41       448    0.5194     0.661    0.6687    0.4391    0.0276   0.06809  0.003017
   219/299     5.91G    0.0305   0.06265  0.001701   0.09485        38       448    0.5255     0.681    0.6657    0.4409   0.02728   0.06648  0.002903
   220/299     5.91G   0.03022   0.06255    0.0018   0.09457        31       448    0.5326    0.6848    0.6709    0.4414   0.02706   0.06601  0.002805
   221/299     5.91G   0.03124   0.06168  0.002092   0.09501        14       448    0.5493    0.6766     0.671    0.4413     0.027   0.06502  0.002629
   222/299     5.91G   0.03005   0.06144  0.001862   0.09335        19       448    0.5507    0.6588    0.6666    0.4344   0.02709   0.06595  0.002739
   223/299     5.91G   0.02997   0.06319  0.001699   0.09486        39       448     0.532    0.6604    0.6646    0.4294   0.02734    0.0662  0.002882
   224/299     5.91G    0.0301   0.06254  0.001761    0.0944       121       448    0.5331    0.6571    0.6626    0.4355   0.02738   0.06694  0.002876
   225/299     5.91G   0.02944   0.06308  0.001681    0.0942        46       448    0.5322    0.6533    0.6633    0.4365   0.02728   0.06728  0.002893
   226/299     5.91G   0.03016    0.0608  0.001849   0.09281        40       448    0.5399    0.6738    0.6636    0.4386   0.02717   0.06754  0.002912
   227/299     5.91G   0.02975   0.06205  0.001857   0.09365        27       448    0.5219    0.6851    0.6591    0.4349   0.02714   0.06768  0.002923
   228/299     5.91G   0.02928   0.06262  0.001676   0.09357        18       448    0.5165    0.6733    0.6601    0.4357   0.02727    0.0685  0.002867
   229/299     5.91G   0.02986   0.06372  0.001656   0.09524        41       448    0.5255    0.6872    0.6605    0.4359   0.02706   0.06889  0.002866
   230/299     5.91G   0.02996   0.05978  0.001614   0.09136        42       448    0.5051    0.6754    0.6612    0.4331   0.02705   0.06818  0.002849
   231/299     5.91G   0.02946   0.06319  0.001599   0.09425        42       448    0.5228     0.656    0.6536    0.4326   0.02709   0.06835  0.002897
   232/299     5.91G   0.02928   0.05978  0.001661   0.09072        15       448     0.523    0.6565    0.6546    0.4348   0.02708   0.06801  0.002918
   233/299     5.91G   0.02892   0.05962  0.001571   0.09011        31       448    0.5103    0.6544    0.6551     0.436   0.02719   0.06834  0.002904
   234/299     5.91G   0.02977   0.06009  0.001855   0.09171        12       448    0.5184    0.6571    0.6579    0.4338   0.02729   0.06863  0.002912
   235/299     5.91G    0.0302   0.05978  0.001668   0.09164        33       448    0.5259    0.6577    0.6608    0.4334   0.02733   0.06898  0.002871
   236/299     5.91G   0.02921   0.06129  0.001622   0.09213        44       448    0.5465    0.6566    0.6564    0.4319   0.02724   0.06863  0.002983
   237/299     5.91G   0.02974   0.06339  0.001496   0.09463        11       448     0.554    0.6554    0.6576    0.4296   0.02726   0.06906  0.003033
   238/299     5.91G   0.02932   0.06041  0.001604   0.09133        41       448    0.5104    0.6486    0.6546    0.4305    0.0274   0.06956     0.003
   239/299     5.91G   0.02877   0.06039  0.001566   0.09073        70       448     0.505    0.6459    0.6587    0.4302   0.02736   0.06933  0.003053
   240/299     5.91G   0.02871     0.061  0.001425   0.09113        23       448     0.506    0.6572    0.6638     0.433   0.02741   0.06863  0.003129
   241/299     5.91G   0.02936   0.06137  0.001675    0.0924        30       448    0.5046    0.6588    0.6676    0.4347   0.02747   0.06839  0.003186
   242/299     5.91G    0.0295   0.06231  0.001656   0.09347        29       448    0.5113    0.6627    0.6658    0.4344   0.02758   0.06826  0.003272
   243/299     5.91G    0.0294   0.06153  0.001665    0.0926        37       448    0.5063    0.6523     0.666    0.4375   0.02758   0.06894  0.003219
   244/299     5.91G   0.02932    0.0622  0.001644   0.09316        22       448    0.5151    0.6582     0.667    0.4379   0.02742   0.06911  0.003177
   245/299     5.91G   0.02954   0.06079  0.001646   0.09197        30       448     0.523    0.6621     0.668    0.4414   0.02741   0.06986  0.003164
   246/299     5.91G   0.02863   0.06013  0.001548   0.09031        38       448     0.556    0.6891    0.6733     0.442   0.02747   0.07022  0.003144
   247/299     5.91G   0.02894   0.05949  0.001527   0.08996        48       448     0.556    0.6755    0.6746    0.4413   0.02746   0.06984  0.003125
   248/299     5.91G   0.02909   0.06162  0.001595   0.09231        31       448    0.5415    0.6293    0.6708    0.4433   0.02744    0.0697  0.003077
   249/299     5.91G   0.02925   0.05783  0.001617    0.0887        21       448    0.5546    0.6653    0.6711     0.443    0.0275   0.06981  0.003066
   250/299     5.91G   0.02857   0.05866  0.001464   0.08869        14       448    0.5466    0.6568    0.6671    0.4392   0.02754    0.0699  0.003151
   251/299     5.91G   0.02894   0.06146  0.001631   0.09203        40       448     0.551    0.6599    0.6668    0.4405    0.0275    0.0701  0.003145
   252/299     5.91G   0.02963   0.06134  0.001605   0.09258        89       448    0.5447    0.6524    0.6694    0.4423   0.02756   0.07046  0.003159
   253/299     5.91G   0.02952   0.06064  0.001868   0.09202        39       448    0.5451    0.6558    0.6677    0.4398   0.02753   0.07081  0.003156
   254/299     5.91G   0.02922   0.06054  0.001605   0.09137        31       448    0.5395    0.6583    0.6701    0.4408   0.02746   0.07044   0.00307
   255/299     5.91G   0.02847   0.05771  0.001508   0.08769        87       448    0.5414    0.6497    0.6648    0.4436   0.02746   0.07029   0.00301
   256/299     5.91G   0.02833   0.05967  0.001549   0.08955        19       448     0.521    0.6459    0.6576    0.4411   0.02737   0.06998  0.003047
   257/299     5.91G   0.02924   0.05892  0.001883   0.09005        19       448    0.5346    0.6454    0.6598    0.4403   0.02735   0.07009  0.003053
   258/299     5.91G   0.02849   0.06056  0.001518   0.09056        29       448    0.5346    0.6468    0.6612    0.4399   0.02736   0.06985  0.003075
   259/299     5.91G   0.02891   0.05943  0.001539   0.08988        20       448    0.5502    0.6615    0.6701    0.4376   0.02731   0.06938  0.003111
   260/299     5.91G   0.02847   0.06006  0.001424   0.08996        11       448    0.5551    0.6621    0.6621    0.4341   0.02731   0.06924  0.003089
   261/299     5.91G   0.02888   0.06077  0.001498   0.09115        20       448    0.5477    0.6454    0.6596     0.434   0.02744   0.06974  0.003076
   262/299     5.91G   0.02837   0.05849  0.001532   0.08839        48       448    0.5533    0.6604    0.6608    0.4336   0.02742   0.06948  0.003014
   263/299     5.91G   0.02792    0.0585  0.001573   0.08799         9       448    0.5542    0.6599    0.6618    0.4356   0.02738   0.06916  0.003014
   264/299     5.91G   0.02827   0.05775  0.001482    0.0875        52       448     0.557    0.6599    0.6656    0.4344   0.02735   0.06922  0.002992
   265/299     5.91G   0.02795   0.05994  0.001556   0.08944        30       448    0.5754    0.6703    0.6613     0.434   0.02736   0.06905  0.003018
   266/299     5.91G   0.02825   0.05838   0.00151   0.08814        73       448    0.5711    0.6723    0.6639    0.4356   0.02731   0.06912  0.003071
   267/299     5.91G   0.02809   0.05989  0.001514    0.0895        10       448    0.5621    0.6632    0.6624    0.4352   0.02734   0.06933  0.003221
   268/299     5.91G   0.02849   0.05905  0.001514   0.08905         5       448    0.5562    0.6621    0.6652    0.4353   0.02737   0.06953  0.003264
   269/299     5.91G   0.02847   0.05918  0.001801   0.08945        20       448    0.5352    0.6476     0.664    0.4373   0.02733   0.06946  0.003189
   270/299     5.91G   0.02825   0.05899  0.001477   0.08871        16       448    0.5459    0.6669    0.6658     0.438   0.02728   0.06911  0.003093
   271/299     5.91G   0.02824   0.05977  0.001593   0.08961        21       448    0.5497    0.6754    0.6664    0.4362   0.02727   0.06891  0.003105
   272/299     5.91G   0.02869   0.06062   0.00145   0.09076        35       448    0.5464    0.6749    0.6681    0.4373   0.02725   0.06861  0.003103
   273/299     5.91G   0.02857   0.05872  0.001568   0.08886        35       448    0.5484    0.6798    0.6679    0.4354   0.02726   0.06866   0.00309
   274/299     5.91G   0.02816   0.06148   0.00145   0.09108        36       448     0.555    0.6789    0.6711    0.4358   0.02729   0.06895  0.003097
   275/299     5.91G   0.02758   0.05806  0.001401   0.08704        22       448    0.5416    0.6719    0.6729    0.4364   0.02741   0.06927  0.003089
   276/299     5.91G   0.02839   0.05866  0.001499   0.08855        25       448    0.5411    0.6615    0.6742    0.4389   0.02744   0.06945  0.003065
   277/299     5.91G   0.02767   0.05777  0.001408   0.08685        17       448     0.531    0.6599    0.6626    0.4393   0.02746   0.06952  0.003065
   278/299     5.91G   0.02845   0.05925  0.001424   0.08913        14       448    0.5182    0.6476     0.662    0.4399   0.02753   0.06984  0.003077
   279/299     5.91G   0.02804   0.05588  0.001427   0.08535        28       448    0.5304    0.6604    0.6638    0.4432   0.02753   0.06969  0.003067
   280/299     5.91G   0.02851   0.05901  0.001413   0.08892        22       448     0.526    0.6481    0.6631    0.4423   0.02748   0.06965  0.003093
   281/299     5.91G   0.02841    0.0572  0.001488   0.08709        48       448    0.5318    0.6506    0.6619    0.4386   0.02745   0.06989  0.003091
   282/299     5.91G   0.02905     0.058  0.001598   0.08865       119       448    0.5363    0.6476    0.6622    0.4392   0.02742   0.06988  0.003095
   283/299     5.91G   0.02813   0.05748  0.001448   0.08706        42       448    0.5336    0.6476    0.6639    0.4384   0.02745   0.06985  0.003073
   284/299     5.91G   0.02857   0.05873  0.001768   0.08906        23       448    0.5307    0.6514    0.6661    0.4397   0.02747   0.07008  0.003057
   285/299     5.91G   0.02825   0.05893  0.001376   0.08855        14       448    0.5329    0.6486    0.6638    0.4386    0.0275   0.07002  0.003085
   286/299     5.91G   0.02785   0.05766  0.001375   0.08689        30       448    0.5366    0.6653    0.6699    0.4403   0.02755   0.07036  0.003072
   287/299     5.91G   0.02836   0.05683  0.001554   0.08674        47       448    0.5369    0.6653    0.6704    0.4405   0.02749   0.07028  0.003047
   288/299     5.91G   0.02816   0.05801  0.001435   0.08761        45       448    0.5329    0.6648    0.6682    0.4417   0.02752   0.07032  0.003013
   289/299     5.91G   0.02853   0.05712  0.001442   0.08709        51       448     0.533    0.6648     0.668    0.4425   0.02752   0.07047  0.002971
   290/299     5.91G   0.02883   0.05804  0.001384   0.08826        26       448    0.5278    0.6556    0.6686    0.4443   0.02746   0.07019  0.002957
   291/299     5.91G   0.02827   0.05889  0.001384   0.08853        26       448    0.5308    0.6577    0.6664    0.4414   0.02741   0.07031  0.002931
   292/299     5.91G   0.02836   0.05746  0.001398   0.08723        21       448     0.529    0.6515    0.6655    0.4403   0.02737   0.07001  0.002947
   293/299     5.91G   0.02798   0.05952  0.001344   0.08884        37       448    0.5299     0.652    0.6645      0.44   0.02731   0.06989  0.002958
   294/299     5.91G   0.02794   0.05857  0.001316   0.08783        34       448     0.539    0.6542    0.6665     0.439   0.02728   0.07003  0.002961
   295/299     5.91G   0.02783   0.05891  0.001446   0.08818        26       448    0.5402    0.6545    0.6672    0.4385   0.02724   0.06989  0.002975
   296/299     5.91G   0.02793   0.05921  0.001397   0.08853        34       448    0.5431    0.6515    0.6645      0.44   0.02721   0.06984  0.002985
   297/299     5.91G   0.02784   0.05856  0.001436   0.08783        19       448     0.537    0.6487    0.6638     0.441   0.02717   0.06973  0.002962
   298/299     5.91G   0.02755    0.0575  0.001373   0.08642        21       448     0.529    0.6492    0.6637    0.4412    0.0272    0.0698  0.002957
